-0.700000000 -0.001354695 
-0.650000000 -0.000979081
-0.600000000 -0.000691005
-0.550000000 -0.000451470
-0.500000000 -0.000270656
-0.450000000 -0.000149284
-0.400000000 -7.263033600E-5
-0.350000000 -3.241274200E-5
-0.300000000 -1.386888800E-5
-0.250000000 -5.833301400E-6
-0.200000000 -2.315083600E-6
-0.150000000 -8.587829200E-7
-0.100000000 -1.692390000E-7
-0.050000000 1.135517180E-7
1.110223025E-16 2.098106200E-7
0.050000000 2.997358200E-7
0.100000000 5.353100000E-7
0.150000000 1.174473000E-6
0.200000000 2.633855400E-6
0.250000000 6.299953400E-6
0.300000000 1.567263400E-5
0.350000000 3.871978600E-5
0.400000000 9.358943000E-5
0.450000000 0.000203032
0.500000000 0.000392674
0.550000000 0.000662508
0.600000000 0.000991542
0.650000000 0.001380293
0.700000000 0.001804509