-0.700000000 -0.003296840 
-0.650000000 -0.002615282
-0.600000000 -0.002053947
-0.550000000 -0.001545708
-0.500000000 -0.001116222
-0.450000000 -0.000777336
-0.400000000 -0.000508484
-0.350000000 -0.000314389
-0.300000000 -0.000183257
-0.250000000 -0.000100716
-0.200000000 -4.955343600E-5
-0.150000000 -2.112045600E-5
-0.100000000 -6.779010000E-6
-0.050000000 1.358589000E-9
1.110223025E-16 3.165564400E-6
0.050000000 6.970151200E-6
0.100000000 1.580572800E-5
0.150000000 3.606973400E-5
0.200000000 7.875192800E-5
0.250000000 0.000153687
0.300000000 0.000275564
0.350000000 0.000467064
0.400000000 0.000731649
0.450000000 0.001055330
0.500000000 0.001448219
0.550000000 0.001889245
0.600000000 0.002349194
0.650000000 0.002856328
0.700000000 0.003373580