-0.700000000 -0.002825161 
-0.650000000 -0.002199535
-0.600000000 -0.001676416
-0.550000000 -0.001206164
-0.500000000 -0.000821792
-0.450000000 -0.000532968
-0.400000000 -0.000320657
-0.350000000 -0.000181412
-0.300000000 -9.757958800E-5
-0.250000000 -4.972938800E-5
-0.200000000 -2.273575400E-5
-0.150000000 -8.991527800E-6
-0.100000000 -2.923393400E-6
-0.050000000 -4.550690200E-7
1.110223025E-16 7.195304000E-7
0.050000000 2.296280400E-6
0.100000000 8.000208800E-6
0.150000000 2.493453200E-5
0.200000000 6.785631800E-5
0.250000000 0.000150306
0.300000000 0.000288387
0.350000000 0.000500284
0.400000000 0.000775905
0.450000000 0.001091460
0.500000000 0.001455173
0.550000000 0.001847819
0.600000000 0.002242777
0.650000000 0.002676636
0.700000000 0.003115909