-0.700000000 -0.006140940 
-0.650000000 -0.005329871
-0.600000000 -0.004588328
-0.550000000 -0.003840336
-0.500000000 -0.003115188
-0.450000000 -0.002437387
-0.400000000 -0.001789685
-0.350000000 -0.001237448
-0.300000000 -0.000850683
-0.250000000 -0.000665143
-0.200000000 -0.000607484
-0.150000000 -0.000592955
-0.100000000 -0.000587028
-0.050000000 -0.000582596
0.000000000 -0.000595059 
0.050000000 -0.000588381
0.100000000 -0.000579995
0.150000000 -0.000567859
0.200000000 -0.000549834
0.250000000 -0.000521090
0.300000000 -0.000468294
0.350000000 -0.000370713
0.400000000 -0.000196357
0.450000000 7.980584000E-5
0.500000000 0.000477707
0.550000000 0.000984334
0.600000000 0.001569179
0.650000000 0.002243143