-0.700000000 -0.006161196 
-0.650000000 -0.005338448
-0.600000000 -0.004578951
-0.550000000 -0.003808564
-0.500000000 -0.003056004
-0.450000000 -0.002343148
-0.400000000 -0.001643710
-0.350000000 -0.001011504
-0.300000000 -0.000503570
-0.250000000 -0.000184279
-0.200000000 -4.544723000E-5
-0.150000000 -1.038977000E-5
-0.100000000 -3.042586000E-6
-0.050000000 -1.019416000E-6
0.000000000 -4.928156800E-8 
0.050000000 6.142359000E-7
0.100000000 1.375583800E-6
0.150000000 2.547865000E-6
0.200000000 5.134549600E-6
0.250000000 1.123222600E-5
0.300000000 2.760356600E-5
0.350000000 7.065193600E-5
0.400000000 0.000172845
0.450000000 0.000366230
0.500000000 0.000681668
0.550000000 0.001110773
0.600000000 0.001624885
0.650000000 0.002229039