-0.700000000 -0.001403569 
-0.650000000 -0.001022348
-0.600000000 -0.000728857
-0.550000000 -0.000481397
-0.500000000 -0.000291461
-0.450000000 -0.000161424
-0.400000000 -7.796942200E-5
-0.350000000 -3.396374200E-5
-0.300000000 -1.398599200E-5
-0.250000000 -5.640212400E-6
-0.200000000 -2.133795200E-6
-0.150000000 -7.786716400E-7
-0.100000000 -1.609905600E-7
-0.050000000 1.001272100E-7
1.110223025E-16 1.892398200E-7
0.050000000 2.822554400E-7
0.100000000 5.220660400E-7
0.150000000 1.159396200E-6
0.200000000 2.663137600E-6
0.250000000 6.432290200E-6
0.300000000 1.611010000E-5
0.350000000 4.008100600E-5
0.400000000 9.671772400E-5
0.450000000 0.000208108
0.500000000 0.000397493
0.550000000 0.000663088
0.600000000 0.000984271
0.650000000 0.001361676
0.700000000 0.001772492