 -0.700000000 -0.003277572 
-0.650000000 -0.002362257
-0.600000000 -0.001756736
-0.550000000 -0.001260601
-0.500000000 -0.000862511
-0.450000000 -0.000560737
-0.400000000 -0.000334197
-0.350000000 -0.000185970
-0.300000000 -9.997641600E-5
-0.250000000 -5.522620800E-5
-0.200000000 -3.171935600E-5
-0.150000000 -2.013514600E-5
-0.100000000 -1.468884000E-5
-0.050000000 -1.176704200E-5
1.110223025E-16 -9.616292000E-6
0.050000000 -7.213003200E-6
0.100000000 -3.524564000E-6
0.150000000 3.466821200E-6
0.200000000 1.721329800E-5
0.250000000 4.368918000E-5
0.300000000 9.615877600E-5
0.350000000 0.000189979
0.400000000 0.000346653
0.450000000 0.000580563
0.500000000 0.000912460
0.550000000 0.001338034
0.600000000 0.001837021
0.650000000 0.002420980
0.700000000 0.003060831