-0.700000000 -0.003247648 
-0.650000000 -0.002277039
-0.600000000 -0.001693813
-0.550000000 -0.001229582
-0.500000000 -0.000857077
-0.450000000 -0.000569070
-0.400000000 -0.000344438
-0.350000000 -0.000189577
-0.300000000 -9.496711200E-5
-0.250000000 -4.474948400E-5
-0.200000000 -1.858232000E-5
-0.150000000 -6.538245800E-6
-0.100000000 -1.925223000E-6
-0.050000000 -3.468906800E-7
0.000000000 1.901512400E-7 
0.050000000 6.493030000E-7
0.100000000 1.588559600E-6
0.150000000 3.345439400E-6
0.200000000 7.791233600E-6
0.250000000 1.741733400E-5
0.300000000 3.942534400E-5
0.350000000 8.538198600E-5
0.400000000 0.000174843
0.450000000 0.000315454
0.500000000 0.000528467
0.550000000 0.000807230
0.600000000 0.001132630
0.650000000 0.001508474